  FromIcao ToIcao Amount      Pay  \
1     NTAA   NTTG     83  29654.0
4     USDD   USRK     52  24059.0
6     WAJJ   WABB     80  38548.0
3     ZUUU   ZLLL     48  32559.0
2     FMMT   FMEE     69  31000.0
0     NGTA   ANAU     38  25702.0
8     VRMG   VRMM     51  19777.0
5     UHWW   UHHH     35  26019.0
7     SBTE   SBPL     44  14495.0
9     UAAH   UACC     26   9859.0

                                         Assignments  PtAssignment  All-In  \
1  [1, 2, 2, 1, 21, 8, 1, 1, 6, 1, 1, 1, 1, 1, 34...          12.0     0.0
4                                         [1, 8, 43]           3.0     0.0
6  [1, 1, 1, 1, 1, 1, 1, 1, 1, 1, 1, 1, 14, 1, 1,...          23.0     0.0
3            [6, 2, 8, 3, 1, 2, 2, 2, 2, 1, 3, 9, 7]           9.0     0.0
2                            [33, 2, 1, 1, 1, 3, 28]           5.0     0.0
0                                [7, 13, 4, 5, 6, 3]           2.0     0.0
8                                    [7, 24, 10, 10]           0.0     0.0
5   [2, 1, 3, 2, 3, 1, 2, 2, 2, 3, 2, 3, 2, 3, 3, 1]          17.0     0.0
7                                               [44]           0.0     0.0
9                                            [18, 8]           0.0     0.0

                 MakeModel Location Seats    ...     RentalDry  RentalWet  \
1  BAe 146-100 (Avro RJ70)     NTAA    84    ...        7042.0     9317.0
4        Embraer ERJ-145LR     USDD    52    ...        5546.0     6971.0
6             Douglas DC-4     WAJJ    86    ...        5958.0     6958.0
3            Antonov An-24     ZUUU    50    ...        2640.0     3780.0
2               ATR 72-500     FMMT    70    ...        3177.0     3877.0
0                Saab 340B     NGTA    38    ...        2240.0     2800.0
8   Hawker Siddeley HS-748     VRMG    53    ...        3193.0     3953.0
5           Ilyushin Il-14     UHWW    35    ...        1162.0     1447.0
7               CASA CN235     SBTE    47    ...        3075.0     3592.0
9              Embraer 120     UAAH    32    ...        1705.0     2230.0

   CraftDistance  Distance  DryRent  WetRent  DryEarnings  WetEarnings  \
1            0.0     192.7  3230.94  4274.73     22864.58     21820.79
4            0.0     334.6  4265.96  5362.06     19793.04     18696.94
6            0.0     277.1  6114.67  7140.97     23567.29     22540.99
3            0.0     357.2  3626.95  5193.14     26001.74     24435.55
2            0.0     384.8  4890.04  5967.48     26109.96     25032.52
0            0.0     392.2  3029.41  3786.76     22672.59     21915.24
8            0.0     294.5  3853.85  4771.14     15923.15     15005.86
5            0.0     333.3  2038.39  2538.34     19557.38     19057.43
7            0.0     291.7  3661.13  4276.68     10833.87     10218.32
9            0.0     284.7  1866.97  2441.85      7992.03      7417.15

   DryRatio  WetRatio
1  49834.58  47559.58
4  25732.14  24307.14
6  22963.44  21963.43
3  18926.24  17786.23
2  16963.33  16263.33
0  16764.54  16204.54
8  13192.69  12432.70
5  11148.82  10863.82
7   9099.41   8582.41
9   7298.66   6773.65

[10 rows x 21 columns]